           2         392   10.8113337    
           3         387   6.15799999    
           3         391   7.16133356    
           3         392   11.5113335    
           6         387   12.8319998    
           6         392   13.1946669    
           7         420   6.68400002    
           7         421   14.2853336    
           7         422   13.3606672    
          10         387   6.76599979    
          10         401   8.13133335    
          10         402   8.90000057    
          10         422   13.0393324    
          11         407   5.16199970    
          11         422   14.0206661    
          11         423   9.38466644    
          11         424   6.04266691    
          13         402   10.1779995    
          14         329   9.68066692    
          14         330   18.7913322    
          14         400   6.72599983    
          14         401   17.1606655    
          14         402   18.3366680    
          14         403   12.8393335    
          14         404   11.0213327    
          14         423   8.95266724    
          14         424   17.6086655    
          17         322   7.57066679    
          17         327   12.5799999    
          17         328   11.1286669    
          17         329   18.4013329    
          17         330   15.9353333    
          17         397   5.50533342    
          17         402   12.1859999    
          17         403   12.1126671    
          17         404   10.1193333    
          17         405   10.0893335    
          17         406   5.87933302    
          18         322   17.5106659    
          18         323   16.0406666    
          18         330   6.63999987    
          18         396   8.14199924    
          18         397   13.3599997    
          18         398   14.1120005    
          18         399   5.80533314    
          18         404   10.8153334    
          18         405   9.87266636    
          18         406   14.4066658    
          18         407   15.5640011    
          20         327   5.00600004    
          21         322   19.3780003    
          21         323   34.2593346    
          21         324   35.2213326    
          21         325   22.1286678    
          21         326   10.5646667    
          21         327   9.01666641    
          21         348   12.8619995    
          21         397   8.54333305    
          21         398   13.6779995    
          21         399   17.9713345    
          21         400   9.26399994    
          21         405   9.99333382    
          21         406   13.7733345    
          21         407   14.5860004    
          22         322   6.60599995    
          22         323   29.4666672    
          22         324   19.7633324    
          22         398   11.4886665    
          22         399   12.0833330    
          22         406   6.36266708    
          22         407   11.2233334    
          22         408   7.60533381    
          24         323   6.42533302    
          62         317   14.4740000    
          62         318   19.9399986    
          62         319   19.7740002    
          62         320   16.3619995    
          62         321   13.0306664    
          62         348   7.14933348    
          62         349   15.7546673    
          62         350   15.7993336    
          62         351   16.6133327    
          62         442   6.00466633    
          62         443   7.07066631    
          62         475   5.26866674    
          63         316   17.6866665    
          63         317   19.9993324    
          63         318   20.0746670    
          63         319   17.8660011    
          63         320   13.1940002    
          63         321   5.66800022    
          63         349   15.1219997    
          63         350   19.0026665    
          63         351   31.7813339    
          63         352   10.1879997    
          63         441   7.17666674    
          63         442   10.4993334    
          63         443   11.6166668    
          63         444   5.33400011    
          63         474   17.9146671    
          63         475   40.5673332    
          63         476   33.2333336    
          63         477   8.86000061    
          64         318   12.7759991    
          64         319   12.5586672    
          64         474   6.08866644    
          64         475   43.3199997    
          64         476   36.5006638    
          64         477   15.5873327    
          64         478   5.82200003    
          65         475   39.4379997    
          65         476   38.8193321    
          65         477   35.0326653    
          65         478   29.0173321    
          65         479   17.7366676    
          66         448   13.0246668    
          66         449   9.28733349    
          66         476   12.7466660    
          66         477   8.94933319    
          66         478   9.75399971    
          66         479   5.26933336    
          68         449   6.37599993    
          68         478   10.7379999    
          68         479   14.6326656    
          69         476   11.6146669    
          69         477   26.7166672    
          69         478   31.8693333    
          69         479   22.8666668    
          69         480   7.14466667    
          69         481   5.17666674    
          77         475   18.3993340    
          80         475   16.5646667    
          81         475   17.0459995    
          84         475   12.9913330    
          87         314   8.18200016    
          87         315   5.54400015    
          87         349   13.6886673    
          88         317   16.6546669    
          88         349   16.3493328    
          90         310   11.7846670    
          90         313   13.1486673    
          90         314   9.00333309    
          90         315   5.44266653    
          91         310   12.2466669    
          91         311   12.7346668    
          91         313   41.0553322    
          91         314   37.7193336    
          91         315   30.7553329    
          91         316   12.0839996    
          91         317   20.4986668    
          91         318   7.44466639    
          91         348   11.7593336    
          91         349   18.8493328    
          91         468   6.54599953    
          91         469   18.3613338    
          92         316   5.00933361    
          92         317   6.63466692    
          94         310   21.7659988    
          94         311   14.3039999    
          94         313   45.6073341    
          94         314   67.3860016    
          94         315   35.9266663    
          94         316   11.1653337    
          94         317   5.01266670    
          95         313   7.10599995    
          95         314   30.8620014    
          95         315   34.7786674    
          95         316   24.1906681    
          95         317   24.3386669    
          95         323   18.9040012    
          95         398   12.5813332    
          95         399   7.21666670    
          95         407   9.53600025    
          95         408   11.4379997    
          95         468   6.77666664    
          96         323   14.0379992    
          96         398   11.0459995    
          96         408   7.59200001    
          97         314   17.6513329    
          98         314   22.2486668    
          98         315   16.7033329    
          98         316   12.4073334    
          98         395   5.69466639    
          98         408   5.50333357    
          98         410   17.3973331    
          98         412   8.89400005    
          98         426   15.0273342    
          98         427   13.8160009    
          98         428   19.0666656    
          99         321   18.0933323    
          99         322   19.8786659    
          99         323   14.6306667    
          99         395   19.5200005    
          99         396   19.7933331    
          99         397   14.8066673    
          99         398   13.8093338    
          99         407   9.34400082    
          99         408   18.2520008    
          99         409   13.5739994    
          99         410   18.2533340    
          99         424   17.7713337    
          99         426   13.8926668    
         100         410   12.3026667    
         100         424   9.82666683    
         101         407   5.76933336    
         101         408   6.17666674    
         101         409   15.0313330    
         101         410   19.8139992    
         101         422   8.77133274    
         101         423   6.90066671    
         101         424   19.5499992    
         101         425   14.2486658    
         101         426   18.8326664    
         102         393   6.58800030    
         102         409   7.25999975    
         102         410   19.9313335    
         102         411   10.7679996    
         102         424   9.08666706    
         102         425   15.7926664    
         102         426   19.8593330    
         102         427   5.04933357    
         103         410   17.2413330    
         103         426   19.3260002    
         103         427   5.11333370    
         104         314   11.7966671    
         104         315   19.5419998    
         104         316   19.1259995    
         104         317   11.7273331    
         104         321   15.7780008    
         104         322   16.7866669    
         104         389   9.84466648    
         104         392   10.7893333    
         104         393   16.1406670    
         104         394   13.6846657    
         104         395   15.7780008    
         104         410   22.7006683    
         104         411   17.8479996    
         104         412   24.5240002    
         104         413   5.66866636    
         104         414   18.7299995    
         104         415   5.73066664    
         104         416   7.08266640    
         104         417   19.6779995    
         104         418   18.7453327    
         104         419   11.1286669    
         104         426   19.9920006    
         104         427   19.9733334    
         104         428   19.4960003    
         105         321   16.0506668    
         105         322   17.9213333    
         105         388   7.47666645    
         105         389   9.77733326    
         105         390   7.86333323    
         105         391   13.3839998    
         105         392   17.0959988    
         105         393   20.0306664    
         105         394   11.0726671    
         105         395   5.20199966    
         105         410   15.4133339    
         105         411   17.3186665    
         105         412   17.3579998    
         105         417   10.0513334    
         105         418   17.3640003    
         105         419   14.1286669    
         105         426   19.0233326    
         105         427   18.8846664    
         106         322   9.26200008    
         106         418   15.2219992    
         106         419   14.2979994    
         107         387   7.53866673    
         107         418   17.6853333    
         107         419   22.2426662    
         107         420   21.1420002    
         107         422   8.73933315    
         108         301   5.92799997    
         108         307   9.20600033    
         108         308   10.5380001    
         108         310   6.25933313    
         108         315   14.6019993    
         108         322   6.45733309    
         108         387   6.73866653    
         108         417   19.1940002    
         108         418   21.8920002    
         108         419   19.6146660    
         108         420   19.0833321    
         108         421   17.4613323    
         108         422   38.8973312    
         108         423   17.6113338    
         108         424   7.87866640    
         108         426   12.4273329    
         108         427   12.4899998    
         109         307   15.7033339    
         109         308   24.8799992    
         109         309   23.0833340    
         109         310   19.5400009    
         109         311   21.9766655    
         109         315   5.08066654    
         109         419   7.26333332    
         109         420   16.5573330    
         109         421   20.0286674    
         109         422   41.9833336    
         109         423   34.3300018    
         109         424   25.8560009    
         109         425   17.2113323    
         109         426   18.2560005    
         109         427   10.4939995    
         110         421   8.24133301    
         110         422   18.4420013    
         110         423   19.4793320    
         111         314   7.86599970    
         111         315   8.14733315    
         112         307   8.64200020    
         112         308   28.0400009    
         112         309   47.7140007    
         112         310   82.4606628    
         112         311   42.7486649    
         112         312   7.27066708    
         112         313   31.8126678    
         112         314   20.1759987    
         112         315   10.0353327    
         112         422   10.7933331    
         112         423   7.29400015    
         113         309   16.2446671    
         113         423   14.7126656    
         115         310   36.4413338    
         115         313   13.5273342    
         115         314   10.4333334    
         116         308   10.3426666    
         116         309   37.1800003    
         116         310   52.2053375    
         116         311   6.78066683    
         116         313   13.4493332    
         196         421   6.91266632    
         196         423   17.5413342    
         197         421   7.23466635    
         197         423   11.0413332    
         198         418   5.99599981    
         198         419   7.27133322    
         198         420   8.77333355    
         198         421   12.4273329    
         198         422   9.82199955    
         220         397   5.16000032    
         220         404   8.50666714    
         220         405   8.88800049    
         221         403   5.50799990    
         221         404   12.6753330    
         221         405   15.1753340    
         221         406   14.7466660    
         221         407   8.35866642    
         221         408   5.29400015    
         222         403   6.07266665    
         222         404   10.8186674    
         222         405   12.0413332    
         222         406   5.65533352    
         223         403   6.94333315    
         223         404   9.42599964    
         223         405   6.42199945    
         224         403   5.28133345    
         259         472   6.04666662    
         259         473   15.0659990    
         259         474   17.2113323    
         259         475   6.80200005    
         260         473   24.8206654    
         260         474   20.0006657    
         260         475   11.1339998    
         261         472   14.1573343    
         261         473   43.2573318    
         261         474   41.8079987    
         261         475   40.6006660    
         261         476   31.0160007    
         261         477   20.3513336    
         262         472   6.79133320    
         262         473   29.0326653    
         262         474   13.2866669    
         262         475   16.1113338    
         262         476   9.18666649    
         263         471   8.33399963    
         263         472   19.5300007    
         263         473   32.8693314    
         263         474   17.6126671    
         263         475   32.2859993    
         263         476   20.1180000    
         263         477   9.84999943    
         264         301   7.37200022    
         264         302   11.4473333    
         264         303   14.6473331    
         264         304   10.2346668    
         264         308   22.6060009    
         264         309   27.9693336    
         264         312   12.4420004    
         264         314   8.48799992    
         264         315   5.96933317    
         264         468   6.14666700    
         264         469   7.36800003    
         264         471   14.4519997    
         264         472   20.2306671    
         264         473   25.5906677    
         264         474   9.05866718    
         264         475   5.94466686    
         264         476   19.9166679    
         264         477   18.4786663    
         264         478   5.84399986    
         265         308   29.7080002    
         265         309   61.7313309    
         265         310   43.0040016    
         265         312   38.3266640    
         265         313   47.4493332    
         265         314   25.3113327    
         265         315   11.4413338    
         265         349   10.9626665    
         265         471   6.45133352    
         265         472   13.9879999    
         266         309   10.8133335    
         267         303   11.8786669    
         267         304   12.8253345    
         267         305   9.70000076    
         267         308   16.3880005    
         267         309   17.9260006    
         268         304   8.21533394    
         268         305   13.6260004    
         268         306   19.1853333    
         268         307   38.9646683    
         268         308   56.0446663    
         268         309   78.2546616    
         268         310   41.0613327    
         268         311   23.2773342    
         268         312   19.4539986    
         268         313   18.3846664    
         269         308   19.6746655    
         269         309   43.0653343    
         269         310   41.6606674    
         269         312   11.3219995    
         269         313   10.5299997    
         271         304   5.62799978    
         271         305   7.46866703    
         271         306   6.57866669    
         271         308   11.9700003    
